admixture_time	missing	d_mean	d_se	d_z
100	10	97.139	5.297	18.340
100	15	96.865	4.555	21.268
100	20	94.836	3.686	25.730
100	25	97.007	4.099	23.664
100	30	97.400	4.308	22.608
100	35	92.547	5.105	18.127
100	40	96.872	4.090	23.687
100	45	98.635	4.900	20.132
100	50	96.398	4.275	22.549
100	55	97.813	6.187	15.809
100	60	96.023	4.385	21.897
10	10	9.407	0.766	12.277
10	15	9.400	0.857	10.965
10	20	9.118	0.868	10.502
10	25	9.702	0.836	11.601
10	30	9.427	0.909	10.366
10	35	9.303	0.891	10.437
10	40	9.457	0.896	10.555
10	45	9.535	0.931	10.238
10	50	9.357	0.981	9.543
10	55	9.556	0.952	10.043
10	60	9.095	0.959	9.485
150	10	152.132	7.506	20.269
150	15	153.544	8.026	19.130
150	20	148.451	9.523	15.588
150	25	154.279	8.438	18.283
150	30	139.097	8.366	16.627
150	35	156.697	8.112	19.317
150	40	145.661	9.857	14.778
150	45	150.906	9.768	15.449
150	50	153.252	7.669	19.985
150	55	152.842	7.382	20.705
150	60	143.799	9.403	15.292
200	10	185.798	11.211	16.572
200	15	192.095	10.403	18.466
200	20	192.729	10.151	18.987
200	25	191.008	12.378	15.431
200	30	182.061	10.072	18.075
200	35	184.682	13.497	13.683
200	40	198.515	12.537	15.834
200	45	178.544	12.930	13.808
200	50	175.819	12.111	14.517
200	55	196.266	17.764	11.049
200	60	182.581	12.221	14.940
50	10	52.634	2.515	20.927
50	15	53.809	2.304	23.352
50	20	52.620	2.543	20.690
50	25	53.125	2.647	20.071
50	30	49.912	2.520	19.806
50	35	53.491	2.300	23.252
50	40	53.634	3.028	17.710
50	45	51.862	2.758	18.806
50	50	51.414	2.858	17.991
50	55	53.026	2.883	18.396
50	60	54.381	2.325	23.386
