LWK	100	129.978	14.601	8.902
LWK	10	4.359	2.272	1.918
LWK	150	164.680	30.017	5.486
LWK	200	200.531	34.306	5.845
LWK	50	43.829	9.765	4.488
CHB	100	103.790	22.576	4.597
CHB	10	7.772	2.177	3.570
CHB	150	196.325	45.588	4.307
CHB	200	112.052	38.933	2.878
CHB	50	61.948	10.707	5.786
TSI	100	-621.908	588.594	-1.057
TSI	10	-428.904	437.743	-0.980
TSI	150	-879.654	234.335	-3.754
TSI	200	2012.161	963.250	2.089
TSI	50	44311.472	16992.573	2.608
MXL	100	106.185	20.287	5.234
MXL	10	10.410	2.543	4.093
MXL	150	166.626	44.006	3.786
MXL	200	124.968	52.190	2.395
MXL	50	77.786	12.156	6.399
ITU	100	77.726	84.344	0.922
ITU	10	3.700	5.282	0.700
ITU	150	98.339	47.151	2.086
ITU	200	-12038.178	9961.191	-1.209
ITU	50	80.232	27.569	2.910
YRI	100	116.630	12.277	9.500
YRI	10	11.885	5.375	2.211
YRI	150	179.972	24.319	7.401
YRI	200	119.801	32.332	3.705
YRI	50	50.868	6.031	8.434
