references      admixture_time  missing_target  missing_ref     dates_n10   dates_n10_se	references_n1      admixture_time_n1  missing_target_n1  missing_ref_n1     dates_n1   dates_se_n1
FY	100	10	10	92.112	5.805	FY	100	10	10	107.067	19.168
FY	100	10	20	93.187	5.655	FY	100	10	20	106.645	18.485
FY	100	10	40	91.869	6.363	FY	100	10	40	107.805	17.412
FY	100	10	60	89.369	5.119	FY	100	10	60	114.195	18.302
FY	100	10	80	90.761	6.590	FY	100	10	80	140.918	22.872
FY	100	20	10	96.238	6.242	FY	100	20	10	107.847	16.227
FY	100	20	20	98.265	5.783	FY	100	20	20	103.694	17.116
FY	100	20	40	94.624	6.242	FY	100	20	40	97.817	18.698
FY	100	20	60	91.003	5.565	FY	100	20	60	105.623	22.162
FY	100	20	80	101.005	7.531	FY	100	20	80	113.941	32.188
FY	100	30	10	95.500	7.724	FY	100	30	10	78.670	17.790
FY	100	30	20	96.127	7.102	FY	100	30	20	75.448	19.763
FY	100	30	40	94.691	7.407	FY	100	30	40	70.398	17.541
FY	100	30	60	90.466	7.314	FY	100	30	60	68.133	18.884
FY	100	30	80	97.512	7.583	FY	100	30	80	63.390	23.086
FY	100	40	10	91.474	8.782	FY	100	40	10	105.539	20.754
FY	100	40	20	95.687	8.157	FY	100	40	20	97.621	19.460
FY	100	40	40	94.627	9.407	FY	100	40	40	96.588	27.481
FY	100	40	60	91.285	8.856	FY	100	40	60	103.223	28.912
FY	100	40	80	96.588	10.353	FY	100	40	80	128.822	25.697
FY	100	50	10	98.764	7.911	FY	100	50	10	112.597	23.372
FY	100	50	20	99.403	7.237	FY	100	50	20	102.482	27.121
FY	100	50	40	99.949	7.706	FY	100	50	40	102.271	34.628
FY	100	50	60	90.818	6.531	FY	100	50	60	93.941	26.514
FY	100	50	80	81.754	8.843	FY	100	50	80	114.775	25.721
FY	100	60	10	94.518	11.600	FY	100	60	10	131.312	21.393
FY	100	60	20	94.727	11.032	FY	100	60	20	121.613	18.168
FY	100	60	40	95.278	11.919	FY	100	60	40	123.441	22.788
FY	100	60	60	96.573	12.611	FY	100	60	60	136.439	24.876
FY	100	60	80	90.677	10.726	FY	100	60	80	161.399	28.519
FY	10	10	10	9.817	0.495	FY	10	10	10	7.720	3.045
FY	10	10	20	9.773	0.474	FY	10	10	20	7.866	3.123
FY	10	10	40	9.844	0.461	FY	10	10	40	6.847	3.409
FY	10	10	60	10.102	0.534	FY	10	10	60	8.006	3.267
FY	10	10	80	9.766	0.619	FY	10	10	80	8.526	4.122
FY	10	20	10	10.070	0.430	FY	10	20	10	8.891	3.049
FY	10	20	20	9.924	0.422	FY	10	20	20	8.431	2.982
FY	10	20	40	9.792	0.398	FY	10	20	40	8.241	3.025
FY	10	20	60	10.346	0.466	FY	10	20	60	7.825	2.755
FY	10	20	80	9.895	0.509	FY	10	20	80	8.662	4.243
FY	10	30	10	10.124	0.405	FY	10	30	10	6.804	2.244
FY	10	30	20	10.016	0.409	FY	10	30	20	6.587	1.791
FY	10	30	40	10.000	0.417	FY	10	30	40	6.522	2.051
FY	10	30	60	10.380	0.462	FY	10	30	60	5.891	1.787
FY	10	30	80	9.862	0.451	FY	10	30	80	6.224	2.656
FY	10	40	10	10.189	0.464	FY	10	40	10	7.729	3.018
FY	10	40	20	9.966	0.439	FY	10	40	20	7.220	3.231
FY	10	40	40	9.875	0.461	FY	10	40	40	7.406	2.835
FY	10	40	60	10.288	0.428	FY	10	40	60	7.655	2.687
FY	10	40	80	9.649	0.447	FY	10	40	80	9.242	3.694
FY	10	50	10	10.180	0.448	FY	10	50	10	7.180	1.934
FY	10	50	20	9.904	0.419	FY	10	50	20	7.212	2.000
FY	10	50	40	10.025	0.382	FY	10	50	40	7.274	2.158
FY	10	50	60	10.280	0.499	FY	10	50	60	7.262	2.167
FY	10	50	80	9.495	0.522	FY	10	50	80	7.519	3.121
FY	10	60	10	10.537	0.470	FY	10	60	10	8.162	2.957
FY	10	60	20	10.276	0.529	FY	10	60	20	8.464	2.940
FY	10	60	40	10.267	0.484	FY	10	60	40	7.445	3.331
FY	10	60	60	10.249	0.674	FY	10	60	60	8.020	2.307
FY	10	60	80	10.213	0.688	FY	10	60	80	9.519	2.921
FY	150	10	10	153.979	6.747	FY	150	10	10	132.582	22.689
FY	150	10	20	148.808	6.266	FY	150	10	20	142.218	27.313
FY	150	10	40	155.570	6.690	FY	150	10	40	159.696	29.556
FY	150	10	60	146.065	8.052	FY	150	10	60	126.469	27.606
FY	150	10	80	157.309	10.133	FY	150	10	80	162.092	39.225
FY	150	20	10	152.323	9.205	FY	150	20	10	206.137	49.944
FY	150	20	20	145.064	8.113	FY	150	20	20	187.146	39.159
FY	150	20	40	149.613	8.647	FY	150	20	40	224.209	46.955
FY	150	20	60	136.787	9.284	FY	150	20	60	166.120	34.096
FY	150	20	80	139.514	12.162	FY	150	20	80	168.855	43.468
FY	150	30	10	160.448	8.894	FY	150	30	10	167.838	28.760
FY	150	30	20	158.630	7.637	FY	150	30	20	184.920	37.543
FY	150	30	40	158.041	9.465	FY	150	30	40	182.265	37.137
FY	150	30	60	152.981	9.446	FY	150	30	60	180.229	38.089
FY	150	30	80	152.458	15.050	FY	150	30	80	232.213	70.985
FY	150	40	10	149.834	9.167	FY	150	40	10	143.161	30.330
FY	150	40	20	146.210	8.003	FY	150	40	20	171.579	36.396
FY	150	40	40	149.292	8.398	FY	150	40	40	132.445	29.356
FY	150	40	60	132.755	9.717	FY	150	40	60	165.924	31.746
FY	150	40	80	140.411	14.298	FY	150	40	80	145.233	85.812
FY	150	50	10	170.765	9.834	FY	150	50	10	132.311	24.487
FY	150	50	20	166.085	7.251	FY	150	50	20	132.935	32.193
FY	150	50	40	170.468	9.331	FY	150	50	40	127.941	23.456
FY	150	50	60	158.002	9.136	FY	150	50	60	128.411	25.376
FY	150	50	80	148.908	13.973	FY	150	50	80	101.776	33.964
FY	150	60	10	163.633	9.781	FY	150	60	10	179.181	56.315
FY	150	60	20	156.747	8.585	FY	150	60	20	171.001	56.143
FY	150	60	40	172.686	11.525	FY	150	60	40	225.524	53.451
FY	150	60	60	165.939	14.684	FY	150	60	60	270.871	92.709
FY	150	60	80	129.130	12.271	FY	150	60	80	275.234	44.211
FY	200	10	10	185.297	11.355	FY	200	10	10	221.718	67.784
FY	200	10	20	182.507	10.236	FY	200	10	20	218.045	46.844
FY	200	10	40	183.264	10.895	FY	200	10	40	234.944	52.018
FY	200	10	60	184.262	13.483	FY	200	10	60	231.576	78.921
FY	200	10	80	192.121	22.901	FY	200	10	80	275.572	56.162
FY	200	20	10	199.459	14.970	FY	200	20	10	249.884	37.252
FY	200	20	20	192.519	14.422	FY	200	20	20	233.185	34.369
FY	200	20	40	185.002	14.155	FY	200	20	40	202.102	32.019
FY	200	20	60	221.686	19.195	FY	200	20	60	244.673	44.342
FY	200	20	80	184.772	25.691	FY	200	20	80	287.649	74.555
FY	200	30	10	191.119	14.025	FY	200	30	10	223.756	52.356
FY	200	30	20	192.480	13.129	FY	200	30	20	225.137	55.597
FY	200	30	40	187.863	13.204	FY	200	30	40	268.019	48.682
FY	200	30	60	202.675	18.594	FY	200	30	60	318.433	101.031
FY	200	30	80	184.595	34.815	FY	200	30	80	220.332	72.722
FY	200	40	10	189.374	15.893	FY	200	40	10	326.898	92.836
FY	200	40	20	195.033	16.263	FY	200	40	20	271.038	69.638
FY	200	40	40	204.221	19.954	FY	200	40	40	269.409	56.838
FY	200	40	60	199.897	13.401	FY	200	40	60	329.322	96.596
FY	200	40	80	180.177	19.834	FY	200	40	80	320.162	120.385
FY	200	50	10	191.966	14.409	FY	200	50	10	204.410	96.177
FY	200	50	20	190.707	13.846	FY	200	50	20	235.237	74.717
FY	200	50	40	190.699	17.049	FY	200	50	40	185.698	67.336
FY	200	50	60	191.483	13.981	FY	200	50	60	156.503	92.809
FY	200	50	80	181.387	18.321	FY	200	50	80	170.220	68.053
FY	200	60	10	212.897	25.998	FY	200	60	10	268.051	53.601
FY	200	60	20	203.170	23.807	FY	200	60	20	204.359	51.997
FY	200	60	40	222.580	29.583	FY	200	60	40	217.546	54.752
FY	200	60	60	234.361	30.161	FY	200	60	60	192.497	59.327
FY	200	60	80	276.963	37.629	FY	200	60	80	177.107	125.665
FY	50	10	10	51.887	2.475	FY	50	10	10	50.764	6.608
FY	50	10	20	50.964	2.515	FY	50	10	20	52.085	6.352
FY	50	10	40	51.771	2.388	FY	50	10	40	50.529	6.492
FY	50	10	60	51.030	2.446	FY	50	10	60	49.607	7.501
FY	50	10	80	52.274	2.883	FY	50	10	80	42.792	8.644
FY	50	20	10	51.710	3.046	FY	50	20	10	53.878	7.579
FY	50	20	20	51.234	2.720	FY	50	20	20	54.784	7.457
FY	50	20	40	52.254	2.751	FY	50	20	40	54.892	7.551
FY	50	20	60	51.636	2.943	FY	50	20	60	52.696	8.884
FY	50	20	80	52.199	3.403	FY	50	20	80	38.217	12.196
FY	50	30	10	51.363	2.808	FY	50	30	10	53.124	6.760
FY	50	30	20	51.443	2.820	FY	50	30	20	55.936	6.914
FY	50	30	40	51.066	2.720	FY	50	30	40	54.610	6.090
FY	50	30	60	50.522	2.751	FY	50	30	60	50.335	7.447
FY	50	30	80	54.753	3.903	FY	50	30	80	42.774	8.719
FY	50	40	10	52.497	2.763	FY	50	40	10	58.620	7.621
FY	50	40	20	50.878	2.379	FY	50	40	20	59.360	6.430
FY	50	40	40	53.187	2.602	FY	50	40	40	60.404	8.618
FY	50	40	60	53.424	3.188	FY	50	40	60	59.284	8.420
FY	50	40	80	52.927	3.289	FY	50	40	80	58.355	9.525
FY	50	50	10	52.801	3.069	FY	50	50	10	51.010	6.224
FY	50	50	20	52.709	3.049	FY	50	50	20	49.455	6.996
FY	50	50	40	52.380	2.904	FY	50	50	40	55.196	7.923
FY	50	50	60	51.242	3.727	FY	50	50	60	51.664	8.645
FY	50	50	80	51.954	3.028	FY	50	50	80	52.694	8.738
FY	50	60	10	50.589	2.157	FY	50	60	10	52.506	8.619
FY	50	60	20	50.796	2.143	FY	50	60	20	53.638	10.208
FY	50	60	40	52.364	2.277	FY	50	60	40	52.174	9.496
FY	50	60	60	50.842	2.531	FY	50	60	60	47.696	9.843
FY	50	60	80	97.527	35.646	FY	50	60	80	38.654	18.638
