100	10	102.186	7.829	13.052
100	15	99.075	3.821	25.926
100	1	121.541	13.167	9.231
100	20	102.350	3.284	31.163
100	25	103.012	2.900	35.522
100	30	99.794	2.447	40.778
100	35	102.236	2.874	35.570
100	40	100.211	1.514	66.201
100	45	101.178	2.299	44.010
100	50	104.819	1.693	61.929
100	5	107.224	7.452	14.389
10	10	9.777	1.162	8.411
10	15	10.811	0.657	16.451
10	1	6.811	2.572	2.648
10	20	10.305	0.576	17.889
10	25	10.081	0.409	24.658
10	30	10.357	0.495	20.913
10	35	10.407	0.370	28.155
10	40	10.977	0.527	20.837
10	45	9.569	0.426	22.463
10	50	10.437	0.532	19.621
10	5	8.902	0.761	11.700
150	10	157.647	6.981	22.581
150	15	145.098	6.687	21.699
150	1	143.153	26.335	5.436
150	20	151.937	4.293	35.391
150	25	144.390	4.757	30.351
150	30	160.336	4.144	38.695
150	35	155.194	5.162	30.065
150	40	153.868	2.805	54.853
150	45	154.362	3.455	44.672
150	50	149.959	3.385	44.298
150	5	142.040	11.655	12.187
200	10	218.778	18.046	12.123
200	15	196.670	9.042	21.751
200	1	159.200	73.890	2.155
200	20	189.315	9.026	20.975
200	25	202.227	7.853	25.750
200	30	198.189	7.585	26.130
200	35	206.141	8.156	25.275
200	40	197.748	6.089	32.478
200	45	210.943	6.765	31.180
200	50	205.271	5.781	35.507
200	5	205.725	18.696	11.004
50	10	49.051	2.733	17.950
50	15	53.746	2.096	25.644
50	1	50.481	7.533	6.701
50	20	52.144	1.904	27.386
50	25	51.337	1.497	34.285
50	30	48.455	1.273	38.072
50	35	49.773	1.278	38.960
50	40	51.546	0.967	53.282
50	45	51.754	1.232	41.997
50	50	50.247	1.293	38.875
50	5	57.630	3.182	18.109
