LWK	100	99.333	4.949	20.072
LWK	10	10.365	0.941	11.010
LWK	150	162.330	8.927	18.183
LWK	200	209.398	16.951	12.353
LWK	50	55.191	2.281	24.195
CHB	100	107.976	7.254	14.885
CHB	10	9.263	0.930	9.955
CHB	150	173.909	15.729	11.056
CHB	200	233.734	15.099	15.481
CHB	50	51.269	2.612	19.626
TSI	100	-47435.004	22441.053	-2.114
TSI	10	85.937	80.256	1.071
TSI	150	-14564.858	9804.685	-1.485
TSI	200	573.143	984.501	0.582
TSI	50	634.385	270.404	2.346
MXL	100	107.202	6.013	17.828
MXL	10	16.620	1.110	14.970
MXL	150	146.551	9.331	15.705
MXL	200	194.716	17.174	11.338
MXL	50	51.639	3.392	15.223
ITU	100	149.657	25.943	5.769
ITU	10	15.964	2.248	7.101
ITU	150	161.591	34.144	4.733
ITU	200	223.150	42.286	5.277
ITU	50	52.643	9.388	5.607
YRI	100	102.067	5.224	19.537
YRI	10	10.357	0.819	12.650
YRI	150	164.229	8.532	19.249
YRI	200	206.559	11.958	17.274
YRI	50	52.181	1.837	28.400
