references      admixture_time  missing_target  missing_ref     dates_n1   dates_n1_se
FY	100	10	0	109.952	19.354
FY	100	10	10	107.067	19.168
FY	100	10	20	106.645	18.485
FY	100	10	40	107.805	17.412
FY	100	10	60	114.195	18.302
FY	100	10	80	140.918	22.872
FY	100	20	0	110.465	18.511
FY	100	20	10	107.847	16.227
FY	100	20	20	103.694	17.116
FY	100	20	40	97.817	18.698
FY	100	20	60	105.623	22.162
FY	100	20	80	113.941	32.188
FY	100	30	0	82.168	18.367
FY	100	30	10	78.670	17.790
FY	100	30	20	75.448	19.763
FY	100	30	40	70.398	17.541
FY	100	30	60	68.133	18.884
FY	100	30	80	63.390	23.086
FY	100	40	0	95.036	22.570
FY	100	40	10	105.539	20.754
FY	100	40	20	97.621	19.460
FY	100	40	40	96.588	27.481
FY	100	40	60	103.223	28.912
FY	100	40	80	128.822	25.697
FY	100	50	0	111.650	21.456
FY	100	50	10	112.597	23.372
FY	100	50	20	102.482	27.121
FY	100	50	40	102.271	34.628
FY	100	50	60	93.941	26.514
FY	100	50	80	114.775	25.721
FY	100	60	0	132.604	22.230
FY	100	60	10	131.312	21.393
FY	100	60	20	121.613	18.168
FY	100	60	40	123.441	22.788
FY	100	60	60	136.439	24.876
FY	100	60	80	161.399	28.519
FY	10	10	0	7.813	2.990
FY	10	10	10	7.720	3.045
FY	10	10	20	7.866	3.123
FY	10	10	40	6.847	3.409
FY	10	10	60	8.006	3.267
FY	10	10	80	8.526	4.122
FY	10	20	0	8.843	3.122
FY	10	20	10	8.891	3.049
FY	10	20	20	8.431	2.982
FY	10	20	40	8.241	3.025
FY	10	20	60	7.825	2.755
FY	10	20	80	8.662	4.243
FY	10	30	0	6.718	2.326
FY	10	30	10	6.804	2.244
FY	10	30	20	6.587	1.791
FY	10	30	40	6.522	2.051
FY	10	30	60	5.891	1.787
FY	10	30	80	6.224	2.656
FY	10	40	0	8.002	3.247
FY	10	40	10	7.729	3.018
FY	10	40	20	7.220	3.231
FY	10	40	40	7.406	2.835
FY	10	40	60	7.655	2.687
FY	10	40	80	9.242	3.694
FY	10	50	0	7.839	2.114
FY	10	50	10	7.180	1.934
FY	10	50	20	7.212	2.000
FY	10	50	40	7.274	2.158
FY	10	50	60	7.262	2.167
FY	10	50	80	7.519	3.121
FY	10	60	0	8.570	2.850
FY	10	60	10	8.162	2.957
FY	10	60	20	8.464	2.940
FY	10	60	40	7.445	3.331
FY	10	60	60	8.020	2.307
FY	10	60	80	9.519	2.921
FY	150	10	0	141.694	21.410
FY	150	10	10	132.582	22.689
FY	150	10	20	142.218	27.313
FY	150	10	40	159.696	29.556
FY	150	10	60	126.469	27.606
FY	150	10	80	162.092	39.225
FY	150	20	0	184.906	38.064
FY	150	20	10	206.137	49.944
FY	150	20	20	187.146	39.159
FY	150	20	40	224.209	46.955
FY	150	20	60	166.120	34.096
FY	150	20	80	168.855	43.468
FY	150	30	0	159.872	29.553
FY	150	30	10	167.838	28.760
FY	150	30	20	184.920	37.543
FY	150	30	40	182.265	37.137
FY	150	30	60	180.229	38.089
FY	150	30	80	232.213	70.985
FY	150	40	0	154.950	33.584
FY	150	40	10	143.161	30.330
FY	150	40	20	171.579	36.396
FY	150	40	40	132.445	29.356
FY	150	40	60	165.924	31.746
FY	150	40	80	145.233	85.812
FY	150	50	0	128.625	22.122
FY	150	50	10	132.311	24.487
FY	150	50	20	132.935	32.193
FY	150	50	40	127.941	23.456
FY	150	50	60	128.411	25.376
FY	150	50	80	101.776	33.964
FY	150	60	0	185.690	50.828
FY	150	60	10	179.181	56.315
FY	150	60	20	171.001	56.143
FY	150	60	40	225.524	53.451
FY	150	60	60	270.871	92.709
FY	150	60	80	275.234	44.211
FY	200	10	0	215.356	54.380
FY	200	10	10	221.718	67.784
FY	200	10	20	218.045	46.844
FY	200	10	40	234.944	52.018
FY	200	10	60	231.576	78.921
FY	200	10	80	275.572	56.162
FY	200	20	0	243.861	37.909
FY	200	20	10	249.884	37.252
FY	200	20	20	233.185	34.369
FY	200	20	40	202.102	32.019
FY	200	20	60	244.673	44.342
FY	200	20	80	287.649	74.555
FY	200	30	0	248.769	48.849
FY	200	30	10	223.756	52.356
FY	200	30	20	225.137	55.597
FY	200	30	40	268.019	48.682
FY	200	30	60	318.433	101.031
FY	200	30	80	220.332	72.722
FY	200	40	0	311.073	78.823
FY	200	40	10	326.898	92.836
FY	200	40	20	271.038	69.638
FY	200	40	40	269.409	56.838
FY	200	40	60	329.322	96.596
FY	200	40	80	320.162	120.385
FY	200	50	0	258.161	90.902
FY	200	50	10	204.410	96.177
FY	200	50	20	235.237	74.717
FY	200	50	40	185.698	67.336
FY	200	50	60	156.503	92.809
FY	200	50	80	170.220	68.053
FY	200	60	0	260.942	66.389
FY	200	60	10	268.051	53.601
FY	200	60	20	204.359	51.997
FY	200	60	40	217.546	54.752
FY	200	60	60	192.497	59.327
FY	200	60	80	177.107	125.665
FY	50	10	0	53.522	7.136
FY	50	10	10	50.764	6.608
FY	50	10	20	52.085	6.352
FY	50	10	40	50.529	6.492
FY	50	10	60	49.607	7.501
FY	50	10	80	42.792	8.644
FY	50	20	0	56.045	7.879
FY	50	20	10	53.878	7.579
FY	50	20	20	54.784	7.457
FY	50	20	40	54.892	7.551
FY	50	20	60	52.696	8.884
FY	50	20	80	38.217	12.196
FY	50	30	0	53.535	6.712
FY	50	30	10	53.124	6.760
FY	50	30	20	55.936	6.914
FY	50	30	40	54.610	6.090
FY	50	30	60	50.335	7.447
FY	50	30	80	42.774	8.719
FY	50	40	0	59.594	7.857
FY	50	40	10	58.620	7.621
FY	50	40	20	59.360	6.430
FY	50	40	40	60.404	8.618
FY	50	40	60	59.284	8.420
FY	50	40	80	58.355	9.525
FY	50	50	0	52.173	6.349
FY	50	50	10	51.010	6.224
FY	50	50	20	49.455	6.996
FY	50	50	40	55.196	7.923
FY	50	50	60	51.664	8.645
FY	50	50	80	52.694	8.738
FY	50	60	0	51.599	9.227
FY	50	60	10	52.506	8.619
FY	50	60	20	53.638	10.208
FY	50	60	40	52.174	9.496
FY	50	60	60	47.696	9.843
FY	50	60	80	38.654	18.638
FB	100	10	0	106.847	20.102
FB	100	10	10	109.106	17.279
FB	100	10	20	112.766	16.322
FB	100	10	40	115.693	23.381
FB	100	10	60	88.611	17.981
FB	100	10	80	103.932	22.499
FB	100	20	0	95.707	20.742
FB	100	20	10	113.872	22.406
FB	100	20	20	91.948	21.662
FB	100	20	40	114.111	27.798
FB	100	20	60	108.018	19.410
FB	100	20	80	106.093	24.837
FB	100	30	0	74.576	17.725
FB	100	30	10	78.769	12.811
FB	100	30	20	77.166	16.593
FB	100	30	40	77.548	17.510
FB	100	30	60	69.124	19.087
FB	100	30	80	59.929	24.043
FB	100	40	0	78.954	24.743
FB	100	40	10	112.915	22.973
FB	100	40	20	82.385	24.588
FB	100	40	40	97.056	42.181
FB	100	40	60	90.943	27.961
FB	100	40	80	99.902	38.486
FB	100	50	0	79.587	22.788
FB	100	50	10	95.147	29.016
FB	100	50	20	77.910	24.058
FB	100	50	40	90.179	39.746
FB	100	50	60	116.850	46.716
FB	100	50	80	152.296	49.021
FB	100	60	0	113.443	24.196
FB	100	60	10	130.366	27.929
FB	100	60	20	136.435	24.822
FB	100	60	40	130.578	36.192
FB	100	60	60	99.141	37.831
FB	100	60	80	81.247	31.507
FB	10	10	0	7.443	3.344
FB	10	10	10	7.202	3.769
FB	10	10	20	6.241	2.967
FB	10	10	40	7.233	4.076
FB	10	10	60	7.145	3.384
FB	10	10	80	7.961	2.739
FB	10	20	0	8.302	3.622
FB	10	20	10	8.959	3.771
FB	10	20	20	7.762	3.329
FB	10	20	40	9.588	4.188
FB	10	20	60	8.614	3.377
FB	10	20	80	9.647	4.020
FB	10	30	0	6.346	2.159
FB	10	30	10	6.400	2.417
FB	10	30	20	5.619	2.028
FB	10	30	40	5.834	2.150
FB	10	30	60	5.476	1.423
FB	10	30	80	7.334	2.870
FB	10	40	0	8.220	3.543
FB	10	40	10	7.882	3.637
FB	10	40	20	7.394	4.038
FB	10	40	40	8.954	4.284
FB	10	40	60	7.070	4.268
FB	10	40	80	9.261	3.962
FB	10	50	0	7.922	2.539
FB	10	50	10	7.245	2.475
FB	10	50	20	6.711	2.132
FB	10	50	40	8.795	3.023
FB	10	50	60	6.829	2.279
FB	10	50	80	8.411	3.922
FB	10	60	0	7.630	2.236
FB	10	60	10	7.406	2.727
FB	10	60	20	7.772	2.852
FB	10	60	40	8.018	2.949
FB	10	60	60	6.900	2.313
FB	10	60	80	8.030	3.711
FB	150	10	0	128.213	26.368
FB	150	10	10	138.148	28.407
FB	150	10	20	125.747	28.940
FB	150	10	40	146.672	25.368
FB	150	10	60	138.529	27.960
FB	150	10	80	15.342	50.534
FB	150	20	0	156.230	38.573
FB	150	20	10	194.475	51.479
FB	150	20	20	172.243	36.926
FB	150	20	40	169.114	50.536
FB	150	20	60	157.613	29.433
FB	150	20	80	94.117	34.940
FB	150	30	0	140.049	28.578
FB	150	30	10	142.064	28.347
FB	150	30	20	143.828	43.468
FB	150	30	40	171.841	48.705
FB	150	30	60	163.125	35.816
FB	150	30	80	86.111	139.179
FB	150	40	0	155.650	34.345
FB	150	40	10	173.934	37.630
FB	150	40	20	152.779	27.057
FB	150	40	40	164.562	39.531
FB	150	40	60	154.048	25.275
FB	150	40	80	-31.567	76.204
FB	150	50	0	135.238	30.240
FB	150	50	10	122.831	35.927
FB	150	50	20	139.141	29.458
FB	150	50	40	140.030	20.319
FB	150	50	60	108.466	19.249
FB	150	50	80	97.628	52.343
FB	150	60	0	169.970	45.978
FB	150	60	10	193.463	52.926
FB	150	60	20	185.085	57.057
FB	150	60	40	233.299	51.509
FB	150	60	60	146.272	104.813
FB	150	60	80	-78.708	78.592
FB	200	10	0	262.235	57.578
FB	200	10	10	271.788	77.895
FB	200	10	20	269.368	56.397
FB	200	10	40	254.975	67.797
FB	200	10	60	310.032	60.862
FB	200	10	80	401.783	74.778
FB	200	20	0	273.918	70.940
FB	200	20	10	255.331	74.004
FB	200	20	20	305.526	52.774
FB	200	20	40	262.197	53.589
FB	200	20	60	341.499	61.820
FB	200	20	80	329.539	99.231
FB	200	30	0	285.098	69.145
FB	200	30	10	280.021	81.695
FB	200	30	20	326.805	70.940
FB	200	30	40	269.604	69.137
FB	200	30	60	249.708	57.019
FB	200	30	80	357.707	96.992
FB	200	40	0	410.185	95.620
FB	200	40	10	371.264	117.066
FB	200	40	20	345.080	80.292
FB	200	40	40	340.644	60.411
FB	200	40	60	339.667	124.778
FB	200	40	80	228.334	152.819
FB	200	50	0	241.531	97.464
FB	200	50	10	67.397	162.704
FB	200	50	20	208.089	85.700
FB	200	50	40	300.814	99.404
FB	200	50	60	166.395	233.237
FB	200	50	80	200.829	55.154
FB	200	60	0	200.800	56.833
FB	200	60	10	229.081	70.651
FB	200	60	20	266.355	93.735
FB	200	60	40	165.461	51.021
FB	200	60	60	177.632	55.520
FB	200	60	80	119.535	110.450
FB	50	10	0	55.365	6.590
FB	50	10	10	53.187	8.728
FB	50	10	20	48.049	6.502
FB	50	10	40	49.767	8.304
FB	50	10	60	44.693	7.410
FB	50	10	80	51.932	14.644
FB	50	20	0	56.602	7.989
FB	50	20	10	54.398	7.642
FB	50	20	20	50.274	7.360
FB	50	20	40	51.033	7.792
FB	50	20	60	46.394	8.093
FB	50	20	80	60.721	12.161
FB	50	30	0	50.060	6.297
FB	50	30	10	48.654	7.448
FB	50	30	20	47.282	6.755
FB	50	30	40	46.935	8.091
FB	50	30	60	44.711	8.338
FB	50	30	80	49.048	10.287
FB	50	40	0	57.759	8.544
FB	50	40	10	58.247	8.046
FB	50	40	20	50.258	7.913
FB	50	40	40	51.325	9.412
FB	50	40	60	52.322	7.891
FB	50	40	80	60.075	13.055
FB	50	50	0	48.730	6.662
FB	50	50	10	48.713	6.612
FB	50	50	20	50.631	5.498
FB	50	50	40	39.360	5.772
FB	50	50	60	45.473	6.049
FB	50	50	80	48.293	14.984
FB	50	60	0	56.306	11.250
FB	50	60	10	50.803	12.428
FB	50	60	20	49.322	10.411
FB	50	60	40	50.348	12.219
FB	50	60	60	46.286	8.390
FB	50	60	80	52.633	24.623
FS	100	10	0	96.038	16.778
FS	100	10	10	80.564	14.406
FS	100	10	20	77.789	14.683
FS	100	10	40	77.142	14.190
FS	100	10	60	79.459	15.265
FS	100	10	80	128.401	36.391
FS	100	20	0	116.394	36.078
FS	100	20	10	87.259	26.971
FS	100	20	20	78.023	30.928
FS	100	20	40	85.934	30.665
FS	100	20	60	81.715	27.605
FS	100	20	80	101.462	70.002
FS	100	30	0	72.848	18.945
FS	100	30	10	47.319	16.887
FS	100	30	20	64.428	16.985
FS	100	30	40	47.942	16.831
FS	100	30	60	62.463	14.114
FS	100	30	80	139.585	43.342
FS	100	40	0	81.482	21.945
FS	100	40	10	61.439	20.079
FS	100	40	20	76.619	20.116
FS	100	40	40	55.036	18.056
FS	100	40	60	61.603	23.212
FS	100	40	80	45.898	37.454
FS	100	50	0	107.149	36.351
FS	100	50	10	85.669	30.067
FS	100	50	20	80.167	28.609
FS	100	50	40	69.774	29.036
FS	100	50	60	91.018	41.364
FS	100	50	80	152.452	68.223
FS	100	60	0	90.624	25.690
FS	100	60	10	86.344	24.916
FS	100	60	20	86.642	29.064
FS	100	60	40	86.817	44.326
FS	100	60	60	85.775	33.375
FS	100	60	80	-40.741	80.723
FS	10	10	0	8.776	3.550
FS	10	10	10	8.414	3.535
FS	10	10	20	8.393	3.553
FS	10	10	40	8.278	4.302
FS	10	10	60	8.726	4.804
FS	10	10	80	9.766	4.665
FS	10	20	0	8.996	3.749
FS	10	20	10	9.126	3.575
FS	10	20	20	8.483	3.210
FS	10	20	40	9.528	4.550
FS	10	20	60	10.300	4.604
FS	10	20	80	10.965	3.120
FS	10	30	0	7.975	2.767
FS	10	30	10	6.929	2.996
FS	10	30	20	6.467	2.334
FS	10	30	40	6.830	3.593
FS	10	30	60	7.835	5.200
FS	10	30	80	5.311	3.042
FS	10	40	0	10.232	3.678
FS	10	40	10	10.168	3.406
FS	10	40	20	10.102	3.535
FS	10	40	40	10.088	3.571
FS	10	40	60	10.560	4.620
FS	10	40	80	8.974	3.172
FS	10	50	0	7.979	2.647
FS	10	50	10	7.250	2.360
FS	10	50	20	6.742	2.282
FS	10	50	40	6.704	3.686
FS	10	50	60	7.593	3.471
FS	10	50	80	5.152	4.440
FS	10	60	0	8.466	3.093
FS	10	60	10	9.890	3.345
FS	10	60	20	7.361	2.548
FS	10	60	40	9.844	3.618
FS	10	60	60	10.465	4.033
FS	10	60	80	4.194	2.732
FS	150	10	0	107.364	19.063
FS	150	10	10	112.191	21.751
FS	150	10	20	118.463	21.401
FS	150	10	40	121.912	24.803
FS	150	10	60	122.108	20.364
FS	150	10	80	189.610	93.356
FS	150	20	0	103.567	22.094
FS	150	20	10	112.127	25.800
FS	150	20	20	118.197	23.323
FS	150	20	40	110.686	24.690
FS	150	20	60	121.064	22.437
FS	150	20	80	116.922	69.232
FS	150	30	0	111.991	19.666
FS	150	30	10	125.277	22.538
FS	150	30	20	122.496	26.741
FS	150	30	40	128.636	25.206
FS	150	30	60	123.144	21.747
FS	150	30	80	176.403	76.092
FS	150	40	0	113.617	28.620
FS	150	40	10	103.594	30.363
FS	150	40	20	123.791	25.529
FS	150	40	40	141.838	29.641
FS	150	40	60	123.684	39.539
FS	150	40	80	120.407	96.170
FS	150	50	0	119.833	45.146
FS	150	50	10	125.617	51.541
FS	150	50	20	145.079	52.233
FS	150	50	40	136.854	41.898
FS	150	50	60	152.762	54.497
FS	150	50	80	155.227	415.854
FS	150	60	0	107.747	70.722
FS	150	60	10	180.758	76.859
FS	150	60	20	115.519	52.340
FS	150	60	40	133.551	111.409
FS	150	60	60	121.991	78.408
FS	150	60	80	162.795	206.715
FS	200	10	0	349.361	79.778
FS	200	10	10	368.543	73.363
FS	200	10	20	326.330	98.568
FS	200	10	40	409.408	76.722
FS	200	10	60	196.915	102.110
FS	200	10	80	459.074	203.086
FS	200	20	0	368.889	75.776
FS	200	20	10	386.823	82.146
FS	200	20	20	301.154	102.005
FS	200	20	40	361.305	117.903
FS	200	20	60	-2029.051	967.431
FS	200	20	80	256.409	219.819
FS	200	30	0	409.475	67.805
FS	200	30	10	408.252	67.329
FS	200	30	20	493.410	117.539
FS	200	30	40	551.672	144.436
FS	200	30	60	346.542	144.187
FS	200	30	80	337.717	110.122
FS	200	40	0	346.853	114.447
FS	200	40	10	322.617	237.796
FS	200	40	20	281.535	112.003
FS	200	40	40	515.824	184.995
FS	200	40	60	226.370	108.666
FS	200	40	80	396.315	155.995
FS	200	50	0	368.104	174.213
FS	200	50	10	351.033	101.209
FS	200	50	20	327.434	109.357
FS	200	50	40	326.686	97.714
FS	200	50	60	541.850	399.955
FS	200	50	80	274.626	186.900
FS	200	60	0	326.780	84.918
FS	200	60	10	395.743	143.157
FS	200	60	20	297.418	155.910
FS	200	60	40	376.431	116.011
FS	200	60	60	196.200	83.824
FS	200	60	80	394.602	356.222
FS	50	10	0	42.841	10.839
FS	50	10	10	48.632	12.900
FS	50	10	20	46.341	12.606
FS	50	10	40	54.299	11.077
FS	50	10	60	47.701	15.451
FS	50	10	80	43.222	14.581
FS	50	20	0	43.894	11.330
FS	50	20	10	43.962	14.482
FS	50	20	20	49.597	12.082
FS	50	20	40	54.797	15.128
FS	50	20	60	49.788	14.810
FS	50	20	80	42.392	15.915
FS	50	30	0	39.662	12.050
FS	50	30	10	45.549	15.360
FS	50	30	20	43.094	12.762
FS	50	30	40	57.393	15.366
FS	50	30	60	20.078	12.230
FS	50	30	80	17.567	9.489
FS	50	40	0	53.755	14.970
FS	50	40	10	48.111	14.519
FS	50	40	20	51.968	17.714
FS	50	40	40	67.106	12.316
FS	50	40	60	63.734	25.613
FS	50	40	80	57.988	15.977
FS	50	50	0	37.944	10.018
FS	50	50	10	39.319	7.696
FS	50	50	20	41.280	8.722
FS	50	50	40	43.484	8.828
FS	50	50	60	38.443	7.318
FS	50	50	80	41.837	10.370
FS	50	60	0	43.466	12.904
FS	50	60	10	47.031	10.360
FS	50	60	20	42.280	16.265
FS	50	60	40	58.996	24.230
FS	50	60	60	27.690	13.570
FS	50	60	80	22.330	5.344
