100	10	97.284	6.139	15.847
100	15	97.630	6.018	16.223
100	20	97.646	5.942	16.432
100	25	97.250	5.850	16.623
100	30	98.146	5.898	16.639
100	35	97.093	6.185	15.699
100	40	97.091	6.336	15.324
100	45	96.777	6.157	15.717
100	50	96.906	6.420	15.094
100	55	97.339	6.200	15.699
100	5	97.202	6.192	15.698
100	60	97.240	6.734	14.440
10	10	10.233	0.942	10.858
10	15	10.228	0.936	10.924
10	20	10.247	0.937	10.934
10	25	10.215	0.943	10.834
10	30	10.200	0.960	10.631
10	35	10.162	0.961	10.570
10	40	10.188	0.955	10.668
10	45	10.214	0.972	10.512
10	50	10.186	0.960	10.614
10	55	10.186	0.947	10.757
10	5	10.179	0.945	10.772
10	60	10.276	0.952	10.800
150	10	165.457	6.837	24.202
150	15	167.892	7.043	23.839
150	20	166.992	7.088	23.559
150	25	167.456	7.104	23.571
150	30	167.984	7.339	22.889
150	35	169.125	7.781	21.736
150	40	167.918	7.240	23.193
150	45	170.254	7.465	22.807
150	50	171.640	7.234	23.728
150	55	172.925	7.287	23.730
150	5	165.528	6.737	24.571
150	60	173.670	8.332	20.843
200	10	186.934	14.708	12.709
200	15	184.889	14.451	12.794
200	20	185.757	14.807	12.545
200	25	184.382	15.138	12.180
200	30	184.828	15.634	11.822
200	35	186.706	15.800	11.817
200	40	187.619	16.507	11.366
200	45	185.272	16.793	11.033
200	50	182.188	16.925	10.765
200	55	182.268	17.387	10.483
200	5	188.802	14.141	13.351
200	60	178.863	16.824	10.631
50	10	49.025	1.776	27.605
50	15	48.906	1.794	27.255
50	20	48.812	1.784	27.354
50	25	48.558	1.886	25.743
50	30	48.271	1.860	25.952
50	35	48.190	1.788	26.950
50	40	47.970	1.771	27.092
50	45	48.279	1.855	26.022
50	50	48.288	1.762	27.408
50	55	48.225	1.768	27.284
50	5	49.035	1.749	28.030
50	60	48.507	1.879	25.813
