100	0.01	106.915	15.882	6.732
100	0.05	110.683	7.130	15.524
100	1	97.358	5.434	17.915
100	2	94.496	4.293	22.012
100	3	102.106	3.864	26.426
100	4	94.168	3.774	24.955
100	5	100.617	5.215	19.293
100	6	101.428	4.197	24.164
100	7	102.600	3.653	28.085
100	8	100.074	4.876	20.525
100	9	94.410	5.244	18.002
10	0.01	10.011	3.336	3.001
10	0.05	10.945	0.749	14.615
10	1	9.964	1.020	9.773
10	2	10.494	0.802	13.083
10	3	8.773	0.703	12.473
10	4	10.602	1.011	10.487
10	5	8.668	0.746	11.624
10	6	10.542	0.935	11.280
10	7	10.203	0.734	13.907
10	8	10.331	0.712	14.507
10	9	8.483	0.687	12.347
150	0.01	138.930	36.795	3.776
150	0.05	146.838	10.940	13.422
150	1	157.355	6.546	24.039
150	2	158.629	10.734	14.778
150	3	169.200	6.902	24.514
150	4	155.747	9.216	16.899
150	5	151.325	7.731	19.573
150	6	155.003	11.023	14.062
150	7	140.284	6.241	22.479
150	8	151.867	10.535	14.415
150	9	157.034	11.277	13.925
200	0.01	180.178	35.949	5.012
200	0.05	172.367	13.795	12.495
200	1	176.145	9.452	18.635
200	2	200.087	10.528	19.004
200	3	204.088	12.872	15.855
200	4	199.408	9.920	20.102
200	5	207.690	14.368	14.456
200	6	208.895	12.411	16.831
200	7	202.445	12.836	15.771
200	8	231.328	9.973	23.196
200	9	195.252	18.781	10.396
50	0.01	45.679	4.587	9.959
50	0.05	52.064	2.331	22.334
50	1	54.225	3.493	15.523
50	2	51.819	2.592	19.992
50	3	51.391	1.637	31.395
50	4	50.342	1.977	25.468
50	5	45.263	2.033	22.265
50	6	52.175	2.299	22.696
50	7	55.493	2.746	20.211
50	8	51.539	2.847	18.103
50	9	49.944	2.364	21.130
