references      admixture_time  missing_target  missing_ref     dates_n10   dates_n10_se
FY	100	10	0	90.818	5.665
FY	100	10	10	92.112	5.805
FY	100	10	20	93.187	5.655
FY	100	10	40	91.869	6.363
FY	100	10	60	89.369	5.119
FY	100	10	80	90.761	6.590
FY	100	20	0	95.744	5.406
FY	100	20	10	96.238	6.242
FY	100	20	20	98.265	5.783
FY	100	20	40	94.624	6.242
FY	100	20	60	91.003	5.565
FY	100	20	80	101.005	7.531
FY	100	30	0	94.311	7.117
FY	100	30	10	95.500	7.724
FY	100	30	20	96.127	7.102
FY	100	30	40	94.691	7.407
FY	100	30	60	90.466	7.314
FY	100	30	80	97.512	7.583
FY	100	40	0	91.927	7.787
FY	100	40	10	91.474	8.782
FY	100	40	20	95.687	8.157
FY	100	40	40	94.627	9.407
FY	100	40	60	91.285	8.856
FY	100	40	80	96.588	10.353
FY	100	50	0	93.875	6.802
FY	100	50	10	98.764	7.911
FY	100	50	20	99.403	7.237
FY	100	50	40	99.949	7.706
FY	100	50	60	90.818	6.531
FY	100	50	80	81.754	8.843
FY	100	60	0	97.296	11.046
FY	100	60	10	94.518	11.600
FY	100	60	20	94.727	11.032
FY	100	60	40	95.278	11.919
FY	100	60	60	96.573	12.611
FY	100	60	80	90.677	10.726
FY	10	10	0	10.024	0.471
FY	10	10	10	9.817	0.495
FY	10	10	20	9.773	0.474
FY	10	10	40	9.844	0.461
FY	10	10	60	10.102	0.534
FY	10	10	80	9.766	0.619
FY	10	20	0	10.223	0.411
FY	10	20	10	10.070	0.430
FY	10	20	20	9.924	0.422
FY	10	20	40	9.792	0.398
FY	10	20	60	10.346	0.466
FY	10	20	80	9.895	0.509
FY	10	30	0	10.333	0.411
FY	10	30	10	10.124	0.405
FY	10	30	20	10.016	0.409
FY	10	30	40	10.000	0.417
FY	10	30	60	10.380	0.462
FY	10	30	80	9.862	0.451
FY	10	40	0	10.246	0.433
FY	10	40	10	10.189	0.464
FY	10	40	20	9.966	0.439
FY	10	40	40	9.875	0.461
FY	10	40	60	10.288	0.428
FY	10	40	80	9.649	0.447
FY	10	50	0	10.270	0.439
FY	10	50	10	10.180	0.448
FY	10	50	20	9.904	0.419
FY	10	50	40	10.025	0.382
FY	10	50	60	10.280	0.499
FY	10	50	80	9.495	0.522
FY	10	60	0	10.547	0.494
FY	10	60	10	10.537	0.470
FY	10	60	20	10.276	0.529
FY	10	60	40	10.267	0.484
FY	10	60	60	10.249	0.674
FY	10	60	80	10.213	0.688
FY	150	10	0	156.726	6.143
FY	150	10	10	153.979	6.747
FY	150	10	20	148.808	6.266
FY	150	10	40	155.570	6.690
FY	150	10	60	146.065	8.052
FY	150	10	80	157.309	10.133
FY	150	20	0	149.777	8.138
FY	150	20	10	152.323	9.205
FY	150	20	20	145.064	8.113
FY	150	20	40	149.613	8.647
FY	150	20	60	136.787	9.284
FY	150	20	80	139.514	12.162
FY	150	30	0	158.131	8.684
FY	150	30	10	160.448	8.894
FY	150	30	20	158.630	7.637
FY	150	30	40	158.041	9.465
FY	150	30	60	152.981	9.446
FY	150	30	80	152.458	15.050
FY	150	40	0	152.986	9.033
FY	150	40	10	149.834	9.167
FY	150	40	20	146.210	8.003
FY	150	40	40	149.292	8.398
FY	150	40	60	132.755	9.717
FY	150	40	80	140.411	14.298
FY	150	50	0	174.164	10.179
FY	150	50	10	170.765	9.834
FY	150	50	20	166.085	7.251
FY	150	50	40	170.468	9.331
FY	150	50	60	158.002	9.136
FY	150	50	80	148.908	13.973
FY	150	60	0	171.520	11.165
FY	150	60	10	163.633	9.781
FY	150	60	20	156.747	8.585
FY	150	60	40	172.686	11.525
FY	150	60	60	165.939	14.684
FY	150	60	80	129.130	12.271
FY	200	10	0	188.171	11.576
FY	200	10	10	185.297	11.355
FY	200	10	20	182.507	10.236
FY	200	10	40	183.264	10.895
FY	200	10	60	184.262	13.483
FY	200	10	80	192.121	22.901
FY	200	20	0	200.122	15.054
FY	200	20	10	199.459	14.970
FY	200	20	20	192.519	14.422
FY	200	20	40	185.002	14.155
FY	200	20	60	221.686	19.195
FY	200	20	80	184.772	25.691
FY	200	30	0	192.668	14.073
FY	200	30	10	191.119	14.025
FY	200	30	20	192.480	13.129
FY	200	30	40	187.863	13.204
FY	200	30	60	202.675	18.594
FY	200	30	80	184.595	34.815
FY	200	40	0	194.930	16.177
FY	200	40	10	189.374	15.893
FY	200	40	20	195.033	16.263
FY	200	40	40	204.221	19.954
FY	200	40	60	199.897	13.401
FY	200	40	80	180.177	19.834
FY	200	50	0	201.962	14.267
FY	200	50	10	191.966	14.409
FY	200	50	20	190.707	13.846
FY	200	50	40	190.699	17.049
FY	200	50	60	191.483	13.981
FY	200	50	80	181.387	18.321
FY	200	60	0	207.176	25.709
FY	200	60	10	212.897	25.998
FY	200	60	20	203.170	23.807
FY	200	60	40	222.580	29.583
FY	200	60	60	234.361	30.161
FY	200	60	80	276.963	37.629
FY	50	10	0	51.366	2.289
FY	50	10	10	51.887	2.475
FY	50	10	20	50.964	2.515
FY	50	10	40	51.771	2.388
FY	50	10	60	51.030	2.446
FY	50	10	80	52.274	2.883
FY	50	20	0	51.446	2.748
FY	50	20	10	51.710	3.046
FY	50	20	20	51.234	2.720
FY	50	20	40	52.254	2.751
FY	50	20	60	51.636	2.943
FY	50	20	80	52.199	3.403
FY	50	30	0	51.053	2.601
FY	50	30	10	51.363	2.808
FY	50	30	20	51.443	2.820
FY	50	30	40	51.066	2.720
FY	50	30	60	50.522	2.751
FY	50	30	80	54.753	3.903
FY	50	40	0	52.217	2.427
FY	50	40	10	52.497	2.763
FY	50	40	20	50.878	2.379
FY	50	40	40	53.187	2.602
FY	50	40	60	53.424	3.188
FY	50	40	80	52.927	3.289
FY	50	50	0	53.514	3.030
FY	50	50	10	52.801	3.069
FY	50	50	20	52.709	3.049
FY	50	50	40	52.380	2.904
FY	50	50	60	51.242	3.727
FY	50	50	80	51.954	3.028
FY	50	60	0	52.741	1.823
FY	50	60	10	50.589	2.157
FY	50	60	20	50.796	2.143
FY	50	60	40	52.364	2.277
FY	50	60	60	50.842	2.531
FY	50	60	80	97.527	35.646
FS	100	10	0	82.856	8.543
FS	100	10	10	82.829	9.200
FS	100	10	20	86.603	10.885
FS	100	10	40	93.273	9.499
FS	100	10	60	83.258	13.340
FS	100	10	80	84.877	14.706
FS	100	20	0	78.427	9.328
FS	100	20	10	81.221	12.584
FS	100	20	20	77.262	12.303
FS	100	20	40	85.795	11.077
FS	100	20	60	85.171	13.755
FS	100	20	80	65.141	19.792
FS	100	30	0	93.171	8.322
FS	100	30	10	95.785	11.739
FS	100	30	20	92.160	12.498
FS	100	30	40	108.956	12.716
FS	100	30	60	95.450	18.268
FS	100	30	80	87.199	21.414
FS	100	40	0	84.858	13.529
FS	100	40	10	76.452	15.455
FS	100	40	20	84.855	17.300
FS	100	40	40	93.593	17.823
FS	100	40	60	94.404	27.337
FS	100	40	80	59.187	21.168
FS	100	50	0	88.580	8.171
FS	100	50	10	99.340	10.281
FS	100	50	20	101.943	11.680
FS	100	50	40	104.480	12.662
FS	100	50	60	103.588	15.200
FS	100	50	80	92.837	29.026
FS	100	60	0	79.495	15.330
FS	100	60	10	70.992	15.665
FS	100	60	20	74.527	17.392
FS	100	60	40	86.738	16.652
FS	100	60	60	83.613	25.550
FS	100	60	80	67.036	28.310
FS	10	10	0	10.405	0.740
FS	10	10	10	9.932	0.653
FS	10	10	20	10.003	0.739
FS	10	10	40	9.910	0.818
FS	10	10	60	10.071	0.898
FS	10	10	80	9.393	1.096
FS	10	20	0	10.319	0.601
FS	10	20	10	9.824	0.667
FS	10	20	20	9.848	0.615
FS	10	20	40	9.901	0.710
FS	10	20	60	10.134	0.785
FS	10	20	80	9.261	0.996
FS	10	30	0	10.818	0.704
FS	10	30	10	10.593	0.661
FS	10	30	20	10.519	0.629
FS	10	30	40	10.732	0.783
FS	10	30	60	10.457	0.889
FS	10	30	80	9.891	0.955
FS	10	40	0	10.527	0.576
FS	10	40	10	10.066	0.621
FS	10	40	20	10.199	0.664
FS	10	40	40	10.579	0.594
FS	10	40	60	10.260	0.572
FS	10	40	80	9.098	0.847
FS	10	50	0	10.818	0.687
FS	10	50	10	10.250	0.621
FS	10	50	20	10.371	0.739
FS	10	50	40	10.539	0.687
FS	10	50	60	10.448	1.129
FS	10	50	80	9.007	1.500
FS	10	60	0	11.007	0.754
FS	10	60	10	10.625	0.743
FS	10	60	20	11.146	0.883
FS	10	60	40	9.975	0.804
FS	10	60	60	10.514	0.812
FS	10	60	80	10.343	1.185
FS	150	10	0	153.242	15.075
FS	150	10	10	165.989	15.639
FS	150	10	20	167.725	17.546
FS	150	10	40	179.341	17.189
FS	150	10	60	192.238	13.646
FS	150	10	80	184.747	30.244
FS	150	20	0	127.167	13.450
FS	150	20	10	130.078	14.240
FS	150	20	20	133.600	18.219
FS	150	20	40	163.380	19.952
FS	150	20	60	162.232	16.632
FS	150	20	80	152.167	34.021
FS	150	30	0	156.786	19.336
FS	150	30	10	162.311	20.552
FS	150	30	20	169.836	16.195
FS	150	30	40	177.867	21.793
FS	150	30	60	202.354	25.773
FS	150	30	80	210.971	46.621
FS	150	40	0	150.910	15.881
FS	150	40	10	133.098	17.569
FS	150	40	20	150.091	14.247
FS	150	40	40	157.561	19.532
FS	150	40	60	179.904	21.085
FS	150	40	80	165.153	39.991
FS	150	50	0	188.288	21.918
FS	150	50	10	171.298	27.083
FS	150	50	20	177.742	27.818
FS	150	50	40	200.046	32.398
FS	150	50	60	188.229	52.854
FS	150	50	80	219.113	74.566
FS	150	60	0	156.537	18.392
FS	150	60	10	174.987	22.492
FS	150	60	20	149.017	16.564
FS	150	60	40	168.359	24.531
FS	150	60	60	199.444	29.476
FS	150	60	80	183.530	114.929
FS	200	10	0	169.572	18.068
FS	200	10	10	172.302	22.713
FS	200	10	20	167.104	17.750
FS	200	10	40	176.433	21.011
FS	200	10	60	182.273	20.623
FS	200	10	80	197.176	35.567
FS	200	20	0	204.100	36.826
FS	200	20	10	196.765	33.306
FS	200	20	20	199.098	27.300
FS	200	20	40	215.982	31.447
FS	200	20	60	182.198	27.336
FS	200	20	80	147.964	37.372
FS	200	30	0	165.553	25.363
FS	200	30	10	191.917	24.021
FS	200	30	20	176.814	22.300
FS	200	30	40	216.218	22.297
FS	200	30	60	184.615	26.626
FS	200	30	80	221.778	51.796
FS	200	40	0	158.597	21.313
FS	200	40	10	155.683	23.669
FS	200	40	20	161.444	18.982
FS	200	40	40	189.749	25.354
FS	200	40	60	150.773	26.916
FS	200	40	80	141.841	42.634
FS	200	50	0	156.431	14.849
FS	200	50	10	155.262	16.648
FS	200	50	20	151.715	19.624
FS	200	50	40	177.390	24.211
FS	200	50	60	162.133	28.282
FS	200	50	80	151.469	80.705
FS	200	60	0	166.566	31.933
FS	200	60	10	153.167	23.970
FS	200	60	20	143.082	16.877
FS	200	60	40	167.530	37.590
FS	200	60	60	144.316	22.049
FS	200	60	80	166.738	54.746
FS	50	10	0	49.217	4.704
FS	50	10	10	49.151	4.815
FS	50	10	20	48.909	4.545
FS	50	10	40	50.246	5.376
FS	50	10	60	50.716	4.922
FS	50	10	80	48.826	6.357
FS	50	20	0	48.310	5.177
FS	50	20	10	47.046	5.830
FS	50	20	20	48.057	4.873
FS	50	20	40	50.319	6.044
FS	50	20	60	50.040	6.362
FS	50	20	80	47.587	7.461
FS	50	30	0	51.989	5.009
FS	50	30	10	47.731	4.943
FS	50	30	20	51.505	5.041
FS	50	30	40	51.047	5.313
FS	50	30	60	52.019	5.694
FS	50	30	80	53.443	7.516
FS	50	40	0	51.340	6.030
FS	50	40	10	49.978	7.304
FS	50	40	20	51.774	6.319
FS	50	40	40	54.211	6.848
FS	50	40	60	56.397	7.935
FS	50	40	80	56.330	5.861
FS	50	50	0	53.517	5.628
FS	50	50	10	49.652	5.863
FS	50	50	20	52.346	5.317
FS	50	50	40	56.211	7.112
FS	50	50	60	48.808	6.066
FS	50	50	80	58.021	6.602
FS	50	60	0	49.014	3.880
FS	50	60	10	48.786	5.441
FS	50	60	20	48.085	4.830
FS	50	60	40	52.471	5.524
FS	50	60	60	60.625	6.892
FS	50	60	80	49.825	7.239
FB	100	10	0	89.754	6.085
FB	100	10	10	91.221	5.263
FB	100	10	20	90.522	4.804
FB	100	10	40	87.444	6.067
FB	100	10	60	86.935	7.174
FB	100	10	80	87.413	11.431
FB	100	20	0	90.814	5.654
FB	100	20	10	93.073	5.837
FB	100	20	20	93.068	5.962
FB	100	20	40	96.175	5.709
FB	100	20	60	85.680	7.416
FB	100	20	80	86.399	13.108
FB	100	30	0	97.841	7.807
FB	100	30	10	101.542	7.229
FB	100	30	20	94.437	6.716
FB	100	30	40	98.121	7.575
FB	100	30	60	98.851	10.301
FB	100	30	80	99.974	11.758
FB	100	40	0	95.461	9.631
FB	100	40	10	95.690	9.215
FB	100	40	20	98.904	9.542
FB	100	40	40	103.651	9.549
FB	100	40	60	102.217	11.730
FB	100	40	80	96.786	16.154
FB	100	50	0	90.441	6.198
FB	100	50	10	92.408	6.144
FB	100	50	20	88.639	6.955
FB	100	50	40	89.346	7.578
FB	100	50	60	91.879	9.925
FB	100	50	80	88.817	10.947
FB	100	60	0	91.629	11.528
FB	100	60	10	99.123	11.653
FB	100	60	20	90.112	12.819
FB	100	60	40	97.131	10.975
FB	100	60	60	86.033	15.750
FB	100	60	80	100.560	18.886
FB	10	10	0	9.858	0.492
FB	10	10	10	9.862	0.467
FB	10	10	20	9.583	0.530
FB	10	10	40	10.028	0.541
FB	10	10	60	10.016	0.521
FB	10	10	80	9.598	0.759
FB	10	20	0	10.049	0.447
FB	10	20	10	10.036	0.411
FB	10	20	20	9.898	0.455
FB	10	20	40	9.923	0.562
FB	10	20	60	10.472	0.501
FB	10	20	80	10.100	0.812
FB	10	30	0	10.122	0.411
FB	10	30	10	10.070	0.405
FB	10	30	20	9.783	0.410
FB	10	30	40	10.009	0.512
FB	10	30	60	10.451	0.464
FB	10	30	80	9.415	0.724
FB	10	40	0	10.062	0.422
FB	10	40	10	10.162	0.409
FB	10	40	20	9.795	0.464
FB	10	40	40	9.886	0.489
FB	10	40	60	10.152	0.407
FB	10	40	80	9.399	0.718
FB	10	50	0	10.021	0.501
FB	10	50	10	10.040	0.474
FB	10	50	20	9.834	0.511
FB	10	50	40	10.263	0.593
FB	10	50	60	10.081	0.580
FB	10	50	80	9.603	0.863
FB	10	60	0	10.107	0.492
FB	10	60	10	10.194	0.505
FB	10	60	20	9.917	0.612
FB	10	60	40	9.772	0.550
FB	10	60	60	10.062	0.630
FB	10	60	80	11.002	1.228
FB	150	10	0	156.711	9.986
FB	150	10	10	158.672	11.640
FB	150	10	20	152.173	10.288
FB	150	10	40	147.578	8.861
FB	150	10	60	149.125	13.350
FB	150	10	80	135.229	16.741
FB	150	20	0	147.235	8.283
FB	150	20	10	144.892	10.645
FB	150	20	20	144.172	9.428
FB	150	20	40	145.958	12.502
FB	150	20	60	152.673	12.851
FB	150	20	80	126.391	18.692
FB	150	30	0	150.206	11.314
FB	150	30	10	156.636	14.338
FB	150	30	20	152.261	11.208
FB	150	30	40	151.367	11.596
FB	150	30	60	155.757	16.887
FB	150	30	80	140.186	24.185
FB	150	40	0	142.367	11.415
FB	150	40	10	144.531	12.991
FB	150	40	20	153.409	10.230
FB	150	40	40	140.403	11.298
FB	150	40	60	130.238	14.524
FB	150	40	80	103.319	18.614
FB	150	50	0	162.828	13.783
FB	150	50	10	160.980	10.846
FB	150	50	20	162.138	9.655
FB	150	50	40	174.973	14.019
FB	150	50	60	174.722	15.258
FB	150	50	80	154.325	31.651
FB	150	60	0	154.731	14.827
FB	150	60	10	142.418	15.286
FB	150	60	20	145.432	14.127
FB	150	60	40	151.173	15.992
FB	150	60	60	144.138	17.404
FB	150	60	80	126.960	31.513
FB	200	10	0	180.017	14.914
FB	200	10	10	183.146	16.121
FB	200	10	20	174.593	15.517
FB	200	10	40	186.582	20.739
FB	200	10	60	166.495	17.868
FB	200	10	80	174.414	23.755
FB	200	20	0	186.471	20.228
FB	200	20	10	196.238	19.756
FB	200	20	20	185.169	18.682
FB	200	20	40	188.267	17.843
FB	200	20	60	212.959	23.971
FB	200	20	80	186.331	32.961
FB	200	30	0	165.104	18.303
FB	200	30	10	166.764	15.921
FB	200	30	20	163.132	14.481
FB	200	30	40	161.925	20.283
FB	200	30	60	163.759	18.404
FB	200	30	80	154.973	30.833
FB	200	40	0	178.951	18.479
FB	200	40	10	174.994	15.208
FB	200	40	20	184.995	19.264
FB	200	40	40	178.396	22.069
FB	200	40	60	155.082	18.674
FB	200	40	80	155.539	30.231
FB	200	50	0	180.467	13.690
FB	200	50	10	190.265	12.844
FB	200	50	20	190.525	12.080
FB	200	50	40	197.410	15.178
FB	200	50	60	176.187	13.856
FB	200	50	80	171.042	29.389
FB	200	60	0	182.376	25.634
FB	200	60	10	202.934	28.769
FB	200	60	20	159.143	24.702
FB	200	60	40	153.210	24.505
FB	200	60	60	171.912	28.520
FB	200	60	80	329.048	133.036
FB	50	10	0	50.886	2.671
FB	50	10	10	52.673	3.177
FB	50	10	20	53.056	2.784
FB	50	10	40	52.310	3.058
FB	50	10	60	53.104	3.903
FB	50	10	80	50.937	4.105
FB	50	20	0	51.693	3.074
FB	50	20	10	53.691	3.554
FB	50	20	20	53.001	3.390
FB	50	20	40	54.075	3.566
FB	50	20	60	54.945	4.314
FB	50	20	80	54.297	5.246
FB	50	30	0	49.771	3.133
FB	50	30	10	50.669	3.530
FB	50	30	20	51.218	3.080
FB	50	30	40	50.568	3.997
FB	50	30	60	51.756	4.060
FB	50	30	80	57.235	5.966
FB	50	40	0	51.422	3.034
FB	50	40	10	53.593	3.263
FB	50	40	20	52.162	2.827
FB	50	40	40	53.824	3.199
FB	50	40	60	53.500	3.881
FB	50	40	80	54.298	5.279
FB	50	50	0	53.844	3.848
FB	50	50	10	55.539	3.863
FB	50	50	20	54.541	3.610
FB	50	50	40	54.929	4.000
FB	50	50	60	53.000	4.543
FB	50	50	80	53.025	5.335
FB	50	60	0	52.744	2.565
FB	50	60	10	53.110	2.850
FB	50	60	20	53.803	2.494
FB	50	60	40	54.042	3.661
FB	50	60	60	53.805	3.412
FB	50	60	80	53.244	4.191
