10	100	97.626	4.438	21.996
10	10	10.145	0.706	14.379
10	150	156.293	7.194	21.726
10	200	207.685	16.448	12.627
10	50	53.280	2.025	26.311
15	100	107.601	5.011	21.473
15	10	9.740	0.910	10.703
15	150	153.829	7.984	19.266
15	200	192.654	11.239	17.142
15	50	45.981	2.850	16.135
1	100	-5.937	35.761	-0.166
1	10	10.614	1.036	10.242
1	150	-68.043	77.070	-0.883
1	200	-83.644	68.309	-1.224
1	50	24.035	11.132	2.159
20	100	105.815	3.757	28.165
20	10	9.674	0.919	10.525
20	150	155.883	8.594	18.138
20	200	203.860	12.966	15.723
20	50	48.592	2.262	21.483
5	100	100.868	4.282	23.555
5	10	10.254	0.865	11.852
5	150	171.013	13.220	12.936
5	200	224.033	19.224	11.654
5	50	52.085	2.255	23.101
