100	10	113.705	12.450	9.133
100	15	110.712	14.487	7.642
100	20	104.395	14.569	7.165
100	25	111.289	14.978	7.430
100	30	106.634	14.570	7.319
100	35	99.058	12.908	7.674
100	40	100.499	16.377	6.137
100	45	122.485	16.448	7.447
100	50	98.092	16.853	5.820
100	55	79.134	9.691	8.166
100	60	110.289	11.877	9.286
10	10	9.985	2.157	4.630
10	15	10.341	2.259	4.577
10	20	9.912	1.965	5.045
10	25	9.851	1.910	5.157
10	30	9.890	2.091	4.729
10	35	10.475	2.338	4.480
10	40	10.157	2.198	4.620
10	45	9.650	1.817	5.310
10	50	9.361	1.849	5.062
10	55	9.936	1.987	5.000
10	60	10.450	2.094	4.989
150	10	156.208	31.220	5.003
150	15	150.706	25.763	5.850
150	20	179.486	50.174	3.577
150	25	150.671	46.978	3.207
150	30	182.038	42.293	4.304
150	35	146.200	54.104	2.702
150	40	172.088	49.613	3.469
150	45	162.872	37.232	4.375
150	50	153.411	40.512	3.787
150	55	190.635	53.375	3.572
150	60	128.085	33.852	3.784
200	10	219.121	41.287	5.307
200	15	210.325	32.493	6.473
200	20	177.483	26.580	6.677
200	25	194.711	39.291	4.956
200	30	207.891	36.508	5.694
200	35	184.970	37.840	4.888
200	40	159.761	23.069	6.925
200	45	161.720	26.819	6.030
200	50	154.788	12.426	12.457
200	55	175.958	46.646	3.772
200	60	175.844	33.261	5.287
50	10	44.113	6.437	6.853
50	15	44.450	7.240	6.140
50	20	41.482	7.688	5.396
50	25	44.077	7.285	6.050
50	30	43.078	6.433	6.696
50	35	43.491	6.243	6.966
50	40	43.765	9.828	4.453
50	45	52.958	10.812	4.898
50	50	40.232	7.381	5.451
50	55	54.999	7.344	7.489
50	60	51.108	6.206	8.235
