qbin	lambda	mean	se
100	100	91.785	9.346
100	10	14.064	2.279
100	110	111.075	17.043
100	120	126.856	13.395
100	130	142.869	18.609
100	140	136.764	17.278
100	150	149.933	32.832
100	160	221.366	21.836
100	170	123.155	21.052
100	180	177.571	21.123
100	190	116.934	31.994
100	200	180.790	32.838
100	20	24.119	3.646
100	30	32.780	5.454
100	40	42.500	5.684
100	50	62.249	7.690
100	60	80.949	4.823
100	70	76.890	13.816
100	80	78.928	10.560
100	90	95.431	13.947
10	100	91.768	9.275
10	10	14.086	2.277
10	110	110.669	16.859
10	120	126.791	13.318
10	130	143.230	18.598
10	140	136.408	17.037
10	150	149.835	32.330
10	160	220.697	21.696
10	170	123.313	20.878
10	180	178.053	21.121
10	190	117.524	32.530
10	200	181.040	32.975
10	20	24.108	3.642
10	30	32.782	5.447
10	40	42.431	5.676
10	50	62.242	7.692
10	60	80.879	4.778
10	70	76.822	13.676
10	80	79.051	10.564
10	90	95.656	13.882
1	100	92.062	9.039
1	10	14.077	2.266
1	110	108.414	15.419
1	120	128.677	12.856
1	130	143.375	17.762
1	140	132.641	15.825
1	150	149.461	29.212
1	160	215.051	19.621
1	170	127.181	20.993
1	180	183.375	20.744
1	190	123.407	35.695
1	200	184.521	30.017
1	20	24.221	3.630
1	30	32.699	5.410
1	40	42.369	5.557
1	50	62.584	7.527
1	60	81.308	4.738
1	70	76.599	13.024
1	80	79.628	10.385
1	90	96.729	13.478
20	100	91.761	9.304
20	10	14.055	2.278
20	110	110.985	16.972
20	120	126.911	13.373
20	130	143.031	18.533
20	140	136.591	17.085
20	150	150.019	32.591
20	160	221.647	21.769
20	170	123.313	21.017
20	180	177.892	21.216
20	190	116.924	32.007
20	200	180.147	32.843
20	20	24.118	3.647
20	30	32.777	5.452
20	40	42.455	5.673
20	50	62.264	7.698
20	60	80.869	4.797
20	70	76.796	13.750
20	80	78.940	10.561
20	90	95.638	13.932
