qbin	lambda	time
100	100	22.350
100	10	21.900
100	110	22.070
100	120	22.280
100	130	21.590
100	140	21.270
100	150	21.360
100	160	21.290
100	170	21.600
100	180	23.850
100	190	17.980
100	200	23.880
100	20	22.390
100	30	18.080
100	40	17.540
100	50	18.390
100	60	18.400
100	70	21.690
100	80	17.600
100	90	17.400
10	100	10.250
10	10	10.510
10	110	10.170
10	120	10.410
10	130	10.220
10	140	10.190
10	150	10.230
10	160	8.420
10	170	8.420
10	180	7.940
10	190	8.360
10	200	8.840
10	20	10.480
10	30	8.420
10	40	8.470
10	50	8.230
10	60	8.930
10	70	8.310
10	80	9.070
10	90	7.990
1	100	9.240
1	10	9.320
1	110	9.140
1	120	9.110
1	130	9.170
1	140	9.290
1	150	9.310
1	160	9.170
1	170	10.280
1	180	10.280
1	190	10.020
1	200	10.140
1	20	10.240
1	30	10.070
1	40	10.290
1	50	10.020
1	60	10.480
1	70	10.240
1	80	10.330
1	90	10.330
20	100	11.840
20	10	11.710
20	110	9.160
20	120	12.110
20	130	11.280
20	140	12.180
20	150	11.810
20	160	11.700
20	170	11.620
20	180	11.940
20	190	11.690
20	200	12.280
20	20	12.110
20	30	8.420
20	40	10.560
20	50	11.480
20	60	11.340
20	70	10.810
20	80	10.390
20	90	10.900
30	100	13.410
30	10	12.810
30	110	13.460
30	120	13.400
30	130	11.530
30	140	10.060
30	150	10.170
30	160	11.310
30	170	10.980
30	180	9.490
30	190	10.850
30	200	9.730
30	20	10.230
30	30	10.690
30	40	10.350
30	50	11.050
30	60	10.090
30	70	11.390
30	80	10.730
30	90	10.060
40	100	16.010
40	10	15.950
40	110	15.640
40	120	15.950
40	130	16.080
40	140	15.900
40	150	15.360
40	160	14.690
40	170	15.560
40	180	16.020
40	190	16.260
40	200	15.990
40	20	14.260
40	30	15.920
40	40	15.410
40	50	9.020
40	60	13.150
40	70	9.230
40	80	9.540
40	90	10.470
50	100	17.340
50	10	17.810
50	110	17.150
50	120	17.500
50	130	17.900
50	140	17.530
50	150	17.540
50	160	17.580
50	170	17.180
50	180	17.970
50	190	17.790
50	200	17.570
50	20	17.730
50	30	17.210
50	40	17.880
50	50	18.300
50	60	17.120
50	70	17.840
50	80	15.360
50	90	15.570
60	100	19.020
60	10	19.120
60	110	19.010
60	120	19.760
60	130	19.170
60	140	18.700
60	150	19.700
60	160	19.630
60	170	18.890
60	180	19.450
60	190	19.380
60	200	18.910
60	20	19.330
60	30	19.210
60	40	19.560
60	50	19.350
60	60	19.340
60	70	19.280
60	80	19.260
60	90	15.340
70	100	20.610
70	10	20.880
70	110	21.070
70	120	20.770
70	130	20.550
70	140	20.590
70	150	21.100
70	160	20.480
70	170	20.920
70	180	21.120
70	190	21.030
70	200	20.900
70	20	21.640
70	30	21.450
70	40	21.270
70	50	21.390
70	60	21.650
70	70	21.810
70	80	21.750
70	90	18.240
80	100	22.470
80	10	22.080
80	110	22.660
80	120	23.210
80	130	23.010
80	140	23.070
80	150	23.110
80	160	23.100
80	170	23.230
80	180	23.150
80	190	22.990
80	200	23.200
80	20	22.870
80	30	22.610
80	40	22.730
80	50	22.780
80	60	22.910
80	70	23.100
80	80	22.830
80	90	18.210
90	100	22.360
90	10	22.820
90	110	22.410
90	120	23.220
90	130	22.420
90	140	22.980
90	150	22.870
90	160	22.610
90	170	23.050
90	180	23.090
90	190	22.920
90	200	23.190
90	20	23.490
90	30	23.660
90	40	23.790
90	50	23.510
90	60	23.550
90	70	23.470
90	80	23.920
90	90	19.480
